# no name threshold no_components component_list
0 Hb      2 1 0
1 Hb2     4 1 1
2 HbTot   12 27 0 1 13 16 17 19 23 26 27 29 33 36 37 39 1 13 16 17 19 23 26 27 29 33 36 37 39
3 HB_NR   0.5 1 2
4 HB_R    0.5 7 3 4 5 6 7 8 9
5 Kr      2 1 10
6 Kr2     4 1 11
7 KrTot   12 27 10 11 3 6 7 9 24 26 28 29 34 36 38 39 11 3 6 7 9 24 26 28 29 34 36 38 39
8 KR_NR   0.5 1 12
9 KR_R    0.5 7 13 14 15 16 17 18 19
10 Kni    2 1 20
11 Kni2   4 1 21
12 KniTot 12 27 20 21 4 6 8 9 14 16 18 19 35 37 38 39 21 4 6 8 9 14 16 18 19 35 37 38 39
13 KNI_NR 0.5 1 22
14 KNI_R  0.5 7 23 24 25 26 27 28 29
15 Gt     2 1 30
16 Gt2    4 1 31
17 GtTot  12 27 30 31 5 7 8 9 15 17 18 19 25 27 28 29 31 5 7 8 9 15 17 18 19 25 27 28 29
18 GT_NR  0.5 1 32
19 GT_R   0.5 7 33 34 35 36 37 38 39
